127
22
76
69
362
108
69
27
108
69
27
276
317
321
371
0
68
376
391
365
290
49
4
360
86
46
288
150
29
299
150
387
315
335
275
377
269
3
307
332
283
354
329
355
208
294
297
213
202
369
293
353
313
126
163
62
292
203
126
163
62
215
219
314
249
203
126
394
301
100
224
395
295
331
359
278
100
229
319
281
305
364
34
131
396
113
6
18
10
267
330
261
34
131
217
113
6
18
223
10
241
13
13
127
36
76
154
392
282
389
154
23
266
366
154
23
8
119
25
296
197
119
221
25
284
227
119
309
280
356
68
159
73
323
94
21
352
81
9
21
15
380
248
326
21
298
110
65
125
16
47
94
373
33
28
9
346
77
147
58
303
386
277
64
110
65
125
287
397
375
272
17
47
94
340
33
28
9
137
77
147
58
312
348
137
64
110
65
44
135
268
388
195
19
164
12
193
161
54
308
58
265
37
254
201
247
135
342
236
337
19
214
12
70
161
54
50
118
361
37
270
201
205
379
209
383
245
242
142
156
234
316
327
70
187
54
50
118
374
157
259
244
339
142
31
31
398
127
22
350
146
80
80
169
0
341
123
96
363
66
96
320
66
232
320
382
232
343
368
230
253
260
49
4
42
86
46
42
338
206
176
225
304
114
347
3
115
89
52
41
115
89
52
41
51
91
61
322
357
279
51
91
61
345
390
258
181
127
160
200
228
216
204
239
212
385
318
302
226
257
172
336
250
132
207
198
378
237
129
43
358
333
117
186
2
116
188
179
43
246
116
14
59
189
274
300
370
310
20
74
220
243
177
112
256
139
72
117
271
2
384
211
20
74
14
59
44
53
121
168
53
121
381
399
72
173
199
344
26
67
103
48
262
285
286
175
306
67
103
48
175
26
133
60
56
178
153
60
56
194
311
393
349
372
233
252
170
289
127
36
222
8
39
39
134
11
39
11
159
73
191
325
81
5
15
5
125
122
16
182
28
124
192
218
71
17
101
1
71
184
98
101
35
1
255
35
367
30
105
185
210
240
30
158
183
263
31
83
83
83
174
127
140
73
165
88
24
29
24
141
141
190
180
111
136
152
251
87
235
334
87
291
45
109
45
264
231
155
162
264
231
155
138
92
63
57
144
57
63
167
127
36
79
55
79
55
145
16
196
28
328
38
104
328
17
78
75
38
75
166
40
95
130
149
90
97
32
148
32
40
82
107
171
324
143
127
140
73
85
93
29
106
136
128
151
99
7
351
84
7
238
273
102
120
120
