[CLS]0|||1|||0|||-1|||66
[CLS]1|||1|||1|||-1|||66
[CLS]2|||1|||2|||-1|||66
[CLS]3|||1|||3|||-1|||66
[CLS]4|||1|||4|||-1|||66
[CLS]5|||1|||5|||-1|||66
[CLS]6|||1|||6|||-1|||66
[CLS]7|||1|||7|||-1|||66
[CLS]8|||1|||8|||-1|||66
[CLS]9|||1|||9|||-1|||66
[CLS]10|||1|||10|||-1|||66
[CLS]11|||1|||11|||-1|||66
[CLS]12|||1|||12|||-1|||66
[CLS]13|||1|||13|||-1|||66
[CLS]14|||1|||14|||-1|||66
[CLS]15|||1|||15|||-1|||66
[CLS]16|||1|||16|||-1|||66
[CLS]17|||1|||17|||-1|||66
[CLS]18|||1|||18|||-1|||66
[CLS]19|||1|||19|||-1|||66
[CLS]20|||1|||20|||-1|||66
[CLS]21|||1|||21|||-1|||66
[CLS]22|||1|||22|||-1|||66
[CLS]23|||1|||23|||-1|||66
[CLS]24|||1|||24|||-1|||66
[CLS]25|||1|||25|||-1|||66
[CLS]26|||1|||26|||-1|||66
[CLS]27|||1|||27|||-1|||66
[CLS]28|||1|||28|||-1|||66
[CLS]29|||1|||29|||-1|||66
[CLS]30|||1|||30|||-1|||66
[CLS]31|||1|||31|||-1|||66
[CLS]32|||1|||32|||-1|||66
[CLS]33|||1|||33|||-1|||66
[CLS]34|||1|||34|||-1|||66
[CLS]35|||1|||35|||-1|||66
[CLS]36|||1|||36|||-1|||66
[CLS]37|||1|||37|||-1|||66
[CLS]38|||1|||38|||-1|||66
[CLS]39|||1|||39|||-1|||66
[CLS]40|||1|||40|||-1|||66
[CLS]41|||1|||41|||-1|||66
[CLS]43|||1|||43|||-1|||66
[CLS]44|||1|||44|||-1|||66
[CLS]45|||1|||45|||-1|||66
[CLS]46|||1|||46|||-1|||66
[CLS]48|||1|||48|||-1|||66
[CLS]52|||1|||52|||-1|||66
[CLS]53|||1|||53|||-1|||66
[CLS]54|||1|||54|||-1|||66
[CLS]55|||1|||55|||-1|||66
[CLS]58|||1|||58|||-1|||66
[CLS]60|||1|||60|||-1|||66
[CLS]61|||1|||61|||-1|||66
[CLS]64|||1|||64|||-1|||66
[CLS]65|||1|||65|||-1|||66
[CLS]67|||1|||67|||-1|||66
[CLS]68|||1|||68|||-1|||66
[CLS]72|||1|||72|||-1|||66
[CLS]73|||1|||73|||-1|||66
[CLS]74|||1|||74|||-1|||66
[CLS]76|||1|||76|||-1|||66
[CLS]78|||1|||78|||-1|||66
[CLS]80|||1|||80|||-1|||66
[CLS]85|||1|||85|||-1|||66
[CLS]86|||1|||86|||-1|||66
[CLS]87|||1|||87|||-1|||66
[CLS]89|||1|||89|||-1|||66
[CLS]90|||1|||90|||-1|||66
[CLS]91|||1|||91|||-1|||66
[CLS]92|||1|||92|||-1|||66
[CLS]93|||1|||93|||-1|||66
[CLS]94|||1|||94|||-1|||66
[CLS]95|||1|||95|||-1|||66
[CLS]98|||1|||98|||-1|||66
[CLS]100|||1|||100|||-1|||66
[CLS]102|||1|||102|||-1|||66
[CLS]104|||1|||104|||-1|||66
[CLS]111|||1|||111|||-1|||66
[CLS]112|||1|||112|||-1|||66
[CLS]114|||1|||114|||-1|||66
[CLS]115|||1|||115|||-1|||66
[CLS]122|||1|||122|||-1|||66
[CLS]126|||1|||126|||-1|||66
[CLS]131|||1|||131|||-1|||66
[CLS]140|||1|||140|||-1|||66
void|||1|||0|||0|||184
void|||2|||1|||0|||184
void|||3|||2|||0|||184
void|||4|||3|||0|||184
void|||6|||5|||0|||184
void|||7|||6|||0|||184
void|||8|||7|||0|||184
void|||12|||11|||0|||184
void|||13|||12|||0|||184
void|||14|||13|||0|||184
void|||15|||14|||0|||184
void|||16|||15|||0|||184
void|||17|||16|||0|||184
void|||18|||17|||0|||184
void|||19|||18|||0|||184
void|||20|||19|||0|||184
add|||1|||0|||1|||286
add|||3|||8|||1|||286
add|||5|||28|||1|||286
add|||7|||36|||1|||286
add|||8|||39|||3|||286
add|||10|||135|||1|||286
_|||1|||0|||2|||347
_|||9|||7|||2|||347
_|||12|||9|||2|||347
100|||1|||0|||3|||143
100|||2|||0|||35|||143
100|||3|||26|||39|||143
(|||1|||0|||4|||131
(|||3|||1|||4|||131
(|||5|||2|||2|||131
(|||7|||3|||2|||131
(|||9|||4|||4|||131
(|||11|||5|||4|||131
(|||13|||6|||2|||131
(|||15|||7|||4|||131
(|||17|||8|||6|||131
(|||19|||9|||4|||131
int|||1|||0|||5|||15
int|||4|||1|||17|||15
int|||5|||1|||21|||15
int|||7|||2|||7|||15
int|||9|||3|||3|||15
int|||11|||4|||12|||15
int|||13|||5|||12|||15
int|||17|||6|||10|||15
int|||19|||7|||5|||15
,|||1|||0|||7|||189
,|||5|||3|||5|||189
,|||7|||4|||8|||189
,|||9|||5|||8|||189
,|||11|||6|||6|||189
,|||13|||7|||7|||189
,|||19|||10|||14|||189
int|||2|||0|||8|||107
int|||6|||2|||3|||107
int|||15|||6|||3|||107
int|||16|||6|||7|||107
int|||20|||7|||8|||107
*|||1|||0|||9|||21
*|||4|||2|||4|||21
*|||8|||4|||6|||21
*|||10|||5|||6|||21
*|||11|||6|||4|||21
*|||12|||7|||9|||21
*|||16|||9|||6|||21
*|||17|||10|||16|||21
data|||1|||0|||10|||207
data|||2|||0|||29|||207
data|||3|||6|||5|||207
data|||4|||6|||30|||207
)|||1|||0|||11|||307
)|||3|||1|||19|||307
)|||5|||2|||9|||307
)|||7|||3|||13|||307
)|||9|||4|||14|||307
)|||11|||5|||14|||307
)|||13|||6|||12|||307
)|||15|||7|||11|||307
)|||17|||8|||21|||307
)|||19|||9|||12|||307
{|||1|||0|||12|||161
{|||3|||1|||20|||161
{|||4|||2|||10|||161
{|||6|||3|||14|||161
{|||7|||4|||15|||161
{|||9|||5|||15|||161
{|||11|||6|||13|||161
{|||13|||7|||12|||161
{|||15|||8|||22|||161
{|||16|||9|||13|||161
{|||19|||10|||19|||161
{|||20|||11|||20|||161
for|||1|||0|||13|||320
for|||2|||1|||24|||320
for|||3|||2|||11|||320
for|||4|||3|||15|||320
for|||5|||4|||16|||320
for|||6|||5|||16|||320
for|||7|||6|||14|||320
for|||8|||7|||13|||320
for|||9|||8|||23|||320
for|||10|||9|||14|||320
for|||11|||10|||23|||320
for|||12|||11|||26|||320
for|||13|||12|||16|||320
for|||14|||13|||15|||320
for|||15|||14|||22|||320
for|||16|||15|||22|||320
for|||17|||16|||18|||320
for|||18|||17|||21|||320
for|||19|||18|||22|||320
for|||20|||19|||16|||320
(|||2|||0|||14|||233
(|||4|||1|||25|||233
(|||6|||2|||12|||233
(|||8|||3|||16|||233
(|||10|||4|||17|||233
(|||12|||5|||17|||233
(|||14|||6|||15|||233
(|||16|||7|||14|||233
(|||18|||8|||24|||233
(|||20|||9|||15|||233
int|||3|||0|||15|||227
int|||8|||2|||13|||227
int|||10|||3|||17|||227
int|||12|||4|||18|||227
int|||14|||5|||18|||227
int|||18|||6|||16|||227
idx|||1|||0|||16|||394
idx|||5|||2|||14|||394
idx|||10|||4|||19|||394
idx|||14|||18|||25|||394
idx|||19|||20|||19|||394
=|||1|||0|||17|||255
=|||3|||1|||27|||255
=|||5|||2|||15|||255
=|||7|||3|||19|||255
=|||9|||4|||20|||255
=|||11|||5|||20|||255
=|||13|||6|||18|||255
=|||15|||7|||17|||255
=|||17|||8|||27|||255
=|||19|||9|||18|||255
0|||1|||0|||18|||215
0|||2|||1|||28|||215
0|||3|||2|||16|||215
0|||4|||3|||20|||215
0|||5|||4|||21|||215
0|||6|||5|||21|||215
0|||7|||6|||19|||215
0|||8|||7|||18|||215
0|||10|||8|||28|||215
0|||11|||9|||19|||215
0|||14|||10|||27|||215
0|||15|||11|||32|||215
0|||16|||12|||21|||215
0|||17|||13|||20|||215
0|||18|||14|||26|||215
0|||19|||15|||26|||215
0|||20|||16|||23|||215
;|||1|||0|||19|||203
;|||5|||1|||29|||203
;|||8|||2|||17|||203
;|||11|||3|||21|||203
;|||14|||4|||22|||203
;|||18|||5|||22|||203
idx|||2|||0|||20|||225
idx|||3|||0|||24|||225
idx|||6|||2|||18|||225
idx|||7|||2|||22|||225
idx|||11|||4|||23|||225
idx|||12|||4|||27|||225
idx|||15|||18|||29|||225
idx|||16|||18|||33|||225
idx|||20|||20|||23|||225
<|||1|||0|||21|||240
<|||2|||1|||31|||240
<|||3|||2|||19|||240
<|||4|||3|||23|||240
<|||5|||4|||24|||240
<|||6|||5|||24|||240
<|||7|||6|||22|||240
<|||8|||7|||21|||240
<|||9|||8|||31|||240
<|||10|||9|||22|||240
<|||11|||10|||30|||240
<|||12|||11|||37|||240
<|||13|||12|||24|||240
<|||14|||13|||23|||240
<|||15|||14|||29|||240
<|||16|||15|||29|||240
<|||17|||16|||26|||240
<|||18|||17|||29|||240
<|||19|||18|||30|||240
<|||20|||19|||24|||240
;|||2|||0|||23|||169
;|||6|||1|||33|||169
;|||9|||2|||21|||169
;|||12|||3|||25|||169
;|||15|||4|||26|||169
;|||19|||5|||26|||169
+|||1|||0|||25|||219
+|||4|||1|||35|||219
+|||6|||2|||23|||219
+|||8|||3|||27|||219
+|||11|||4|||28|||219
+|||13|||5|||28|||219
+|||16|||6|||26|||219
+|||18|||7|||25|||219
+|||2|||0|||26|||306
+|||5|||1|||36|||306
+|||7|||2|||24|||306
+|||9|||3|||28|||306
+|||12|||4|||29|||306
+|||14|||5|||29|||306
+|||17|||6|||27|||306
+|||19|||7|||26|||306
)|||2|||0|||27|||258
)|||6|||2|||25|||258
)|||10|||4|||30|||258
)|||12|||5|||30|||258
)|||14|||6|||28|||258
)|||16|||7|||27|||258
)|||20|||9|||28|||258
{|||2|||0|||28|||110
{|||5|||2|||26|||110
{|||8|||4|||31|||110
{|||10|||5|||31|||110
{|||12|||6|||29|||110
{|||14|||7|||28|||110
{|||17|||9|||29|||110
{|||18|||9|||37|||110
[|||1|||0|||30|||287
[|||4|||2|||28|||287
[|||5|||2|||34|||287
[|||6|||3|||31|||287
[|||9|||4|||33|||287
[|||10|||5|||33|||287
[|||11|||6|||31|||287
[|||12|||7|||30|||287
[|||13|||8|||39|||287
[|||16|||9|||39|||287
[|||17|||10|||39|||287
idx|||4|||0|||31|||281
idx|||8|||2|||29|||281
idx|||9|||2|||35|||281
idx|||13|||4|||34|||281
idx|||17|||18|||40|||281
idx|||18|||18|||45|||281
]|||1|||0|||32|||279
]|||4|||2|||30|||279
]|||5|||2|||36|||279
]|||9|||4|||35|||279
]|||10|||5|||35|||279
]|||11|||6|||33|||279
]|||12|||7|||32|||279
]|||16|||9|||41|||279
]|||17|||10|||41|||279
+|||3|||0|||33|||31
+|||15|||5|||36|||31
-|||1|||13|||35|||31
-|||5|||41|||43|||31
-|||16|||62|||61|||31
=|||2|||0|||34|||43
=|||6|||2|||32|||43
=|||10|||4|||37|||43
=|||12|||5|||37|||43
;|||3|||0|||36|||374
;|||7|||1|||51|||374
;|||10|||2|||37|||374
;|||13|||3|||44|||374
;|||16|||4|||39|||374
;|||20|||5|||39|||374
}|||1|||0|||37|||201
}|||4|||2|||38|||201
}|||7|||4|||40|||201
}|||9|||5|||40|||201
}|||13|||7|||36|||201
}|||2|||0|||38|||154
}|||3|||1|||52|||154
}|||5|||2|||39|||154
}|||6|||3|||45|||154
}|||8|||4|||43|||154
}|||10|||5|||41|||154
}|||14|||7|||37|||154
}|||15|||8|||53|||154
}|||18|||9|||47|||154
}|||19|||10|||49|||154
}|||20|||11|||67|||154
_|||2|||1|||2|||282
_|||7|||4|||2|||282
_|||8|||5|||2|||282
_|||10|||8|||2|||282
_|||11|||8|||4|||282
_|||13|||10|||2|||282
_|||14|||10|||4|||282
_|||15|||11|||2|||282
double|||1|||1|||5|||170
double|||2|||1|||11|||170
double|||3|||5|||5|||170
double|||5|||12|||5|||170
double|||7|||24|||5|||170
double|||8|||24|||15|||170
double|||9|||25|||7|||170
double|||11|||25|||14|||170
double|||15|||32|||5|||170
*|||2|||1|||6|||83
*|||3|||1|||12|||83
*|||6|||3|||7|||83
*|||7|||3|||11|||83
*|||13|||8|||8|||83
*|||14|||8|||12|||83
*|||15|||8|||16|||83
*|||19|||11|||6|||83
*|||20|||11|||10|||83
_|||3|||1|||8|||209
_|||4|||1|||14|||209
_|||5|||1|||39|||209
_|||6|||1|||46|||209
arr|||1|||1|||9|||241
arr|||2|||1|||15|||241
arr|||3|||1|||40|||241
arr|||4|||1|||47|||241
,|||2|||1|||10|||304
,|||6|||3|||9|||304
,|||14|||8|||10|||304
,|||15|||8|||14|||304
,|||18|||10|||10|||304
,|||20|||11|||8|||304
,|||3|||1|||16|||252
,|||4|||2|||6|||252
,|||8|||4|||11|||252
,|||10|||5|||11|||252
,|||12|||6|||9|||252
,|||16|||8|||18|||252
,|||17|||9|||8|||252
size|||1|||1|||18|||386
size|||3|||8|||20|||386
size|||5|||11|||18|||386
size|||7|||22|||8|||386
size|||9|||23|||21|||386
size|||13|||29|||20|||386
size|||15|||38|||12|||386
size|||17|||41|||21|||386
size|||19|||47|||22|||386
tid|||1|||1|||22|||149
tid|||12|||10|||21|||149
t|||1|||11|||22|||149
tid|||18|||38|||16|||149
tx|||1|||47|||26|||149
un|||1|||53|||21|||149
bid|||1|||70|||21|||149
tx|||8|||102|||19|||149
batch|||3|||130|||44|||149
;|||4|||1|||23|||253
;|||17|||4|||42|||253
tid|||2|||1|||26|||101
tid|||3|||1|||30|||101
tid|||4|||1|||34|||101
tid|||7|||9|||17|||101
tid|||8|||9|||21|||101
tid|||9|||9|||25|||101
tid|||13|||10|||25|||101
tid|||14|||10|||29|||101
tid|||15|||10|||34|||101
tid|||19|||38|||20|||101
tid|||20|||38|||24|||101
size|||2|||1|||32|||136
size|||4|||8|||32|||136
size|||6|||11|||38|||136
size|||8|||22|||22|||136
size|||10|||23|||33|||136
size|||11|||26|||4|||136
size|||12|||26|||24|||136
size|||14|||29|||32|||136
size|||16|||38|||26|||136
size|||18|||41|||33|||136
size|||20|||47|||36|||136
)|||4|||1|||37|||285
)|||8|||3|||29|||285
)|||18|||8|||37|||285
[|||2|||1|||41|||290
[|||3|||1|||48|||290
[|||7|||3|||36|||290
[|||8|||3|||41|||290
[|||14|||8|||44|||290
[|||15|||8|||49|||290
[|||18|||11|||47|||290
[|||19|||11|||54|||290
[|||20|||11|||61|||290
tid|||5|||1|||42|||179
tid|||6|||1|||49|||179
tid|||11|||9|||40|||179
tid|||16|||10|||40|||179
tx|||5|||47|||46|||179
tx|||6|||47|||59|||179
tx|||7|||47|||74|||179
]|||2|||1|||43|||72
]|||3|||1|||50|||72
]|||6|||3|||33|||72
]|||7|||3|||38|||72
]|||8|||3|||43|||72
]|||13|||8|||41|||72
]|||14|||8|||46|||72
]|||15|||8|||51|||72
]|||18|||11|||51|||72
]|||19|||11|||58|||72
]|||20|||11|||65|||72
=|||4|||1|||44|||182
=|||8|||3|||34|||182
=|||14|||6|||34|||182
=|||16|||7|||33|||182
=|||18|||8|||42|||182
array|||1|||2|||5|||288
array|||4|||4|||7|||288
array|||6|||16|||7|||288
vector|||4|||54|||5|||288
array|||12|||55|||9|||288
image|||6|||119|||14|||288
array|||2|||2|||27|||259
array|||5|||4|||32|||259
arr|||6|||5|||32|||259
array|||7|||16|||34|||259
*|||5|||2|||31|||102
*|||9|||4|||36|||102
*|||18|||10|||44|||102
array|||3|||2|||33|||388
array|||8|||16|||39|||388
array|||13|||55|||39|||388
array|||14|||55|||44|||388
add|||2|||3|||1|||145
add|||4|||17|||3|||145
add|||6|||33|||1|||145
add|||9|||43|||3|||145
n|||1|||3|||4|||268
n|||3|||5|||13|||268
n|||5|||16|||15|||268
n|||7|||17|||18|||268
n|||9|||24|||13|||268
n|||11|||28|||6|||268
n|||13|||34|||14|||268
n|||15|||35|||7|||268
n|||17|||42|||22|||268
n|||19|||43|||18|||268
float|||1|||3|||6|||248
float|||2|||3|||10|||248
float|||5|||8|||7|||248
float|||6|||8|||11|||248
float|||7|||8|||15|||248
float|||9|||11|||5|||248
float|||10|||11|||9|||248
float|||11|||11|||13|||248
float|||12|||13|||3|||248
float|||13|||13|||7|||248
float|||19|||17|||5|||248
float|||20|||17|||9|||248
x|||1|||3|||8|||305
x|||2|||3|||35|||305
x|||7|||28|||10|||305
x|||8|||28|||42|||305
y|||1|||3|||12|||26
y|||4|||21|||18|||26
y|||6|||28|||14|||26
z|||1|||28|||18|||26
z|||3|||35|||18|||26
Y|||3|||39|||18|||26
my|||1|||72|||13|||26
my|||2|||72|||80|||26
i|||1|||3|||18|||117
i|||2|||3|||22|||117
i|||3|||3|||26|||117
i|||7|||5|||19|||117
i|||8|||5|||23|||117
i|||9|||5|||27|||117
i|||11|||7|||16|||117
i|||12|||7|||20|||117
i|||13|||7|||24|||117
i|||15|||8|||26|||117
i|||16|||8|||30|||117
i|||17|||8|||36|||117
n|||2|||3|||24|||284
n|||4|||5|||25|||284
n|||6|||16|||27|||284
n|||8|||17|||30|||284
n|||10|||24|||29|||284
n|||12|||28|||30|||284
n|||14|||34|||26|||284
n|||16|||35|||30|||284
n|||18|||42|||34|||284
n|||20|||43|||30|||284
y|||2|||3|||30|||85
y|||5|||21|||36|||85
z|||2|||28|||37|||85
z|||4|||35|||37|||85
i|||4|||3|||32|||89
i|||5|||3|||37|||89
i|||6|||3|||42|||89
i|||10|||5|||34|||89
i|||14|||7|||31|||89
i|||18|||8|||40|||89
i|||19|||8|||45|||89
i|||20|||8|||50|||89
+|||10|||3|||39|||37
-|||2|||20|||45|||37
-|||3|||27|||46|||37
-|||17|||78|||50|||37
y|||3|||3|||40|||309
y|||7|||28|||47|||309
Y|||4|||39|||53|||309
void|||5|||4|||0|||313
void|||9|||8|||0|||313
void|||10|||9|||0|||313
void|||11|||10|||0|||313
scale|||1|||4|||1|||352
variance|||1|||136|||1|||352
grad|||6|||137|||1|||352
grad|||9|||138|||1|||352
host|||1|||4|||3|||140
cpu|||1|||5|||3|||140
cpu|||5|||11|||3|||140
cpu|||6|||12|||3|||140
cpu|||10|||19|||3|||140
cpu|||11|||20|||3|||140
cpu|||13|||24|||3|||140
cpu|||16|||32|||3|||140
cpu|||18|||35|||3|||140
cpu|||19|||37|||3|||140
float|||3|||4|||5|||265
float|||8|||9|||5|||265
float|||15|||14|||11|||265
float|||17|||15|||11|||265
float|||18|||16|||5|||265
float|||4|||4|||9|||321
float|||14|||14|||8|||321
float|||16|||15|||8|||321
scale|||2|||4|||10|||53
alpha|||1|||5|||10|||53
alpha|||2|||5|||38|||53
alpha|||3|||12|||10|||53
alpha|||4|||12|||42|||53
alpha|||5|||65|||14|||53
alpha|||7|||80|||17|||53
alpha|||8|||80|||60|||53
alpha|||9|||85|||21|||53
alpha|||10|||85|||68|||53
alpha|||11|||142|||35|||53
N|||1|||4|||13|||191
N|||3|||6|||11|||191
N|||5|||13|||12|||191
N|||7|||14|||6|||191
N|||9|||15|||6|||191
N|||11|||18|||19|||191
N|||13|||19|||13|||191
N|||15|||20|||13|||191
N|||17|||25|||19|||191
N|||19|||27|||18|||191
N|||2|||4|||25|||318
N|||4|||6|||23|||318
N|||6|||13|||24|||318
N|||8|||14|||30|||318
N|||10|||15|||30|||318
N|||12|||18|||31|||318
N|||14|||19|||25|||318
N|||16|||20|||25|||318
N|||18|||25|||31|||318
N|||20|||27|||30|||318
scale|||3|||4|||38|||68
scale|||4|||58|||25|||68
scale|||5|||58|||71|||68
scale|||6|||81|||20|||68
scale|||7|||81|||74|||68
scale|||10|||136|||28|||68
scale|||11|||136|||146|||68
return|||1|||4|||41|||312
return|||2|||10|||47|||312
arr|||5|||5|||7|||166
mat|||1|||12|||7|||166
mat|||3|||62|||7|||166
mat|||5|||63|||7|||166
mat|||7|||71|||7|||166
srcData|||1|||80|||5|||166
devMat|||1|||89|||5|||166
p|||3|||92|||5|||166
mat|||13|||129|||8|||166
double|||4|||5|||9|||222
double|||6|||12|||9|||222
double|||10|||25|||11|||222
double|||16|||32|||20|||222
val|||1|||6|||8|||16
val|||2|||6|||35|||16
tid|||10|||9|||32|||16
tid|||17|||10|||43|||16
row|||6|||46|||63|||16
index|||13|||51|||35|||16
column|||9|||118|||60|||16
index|||1|||6|||17|||34
index|||2|||6|||21|||34
index|||3|||6|||25|||34
index|||5|||34|||20|||34
index|||6|||34|||24|||34
index|||7|||34|||28|||34
index|||10|||51|||20|||34
index|||11|||51|||24|||34
index|||12|||51|||28|||34
index|||16|||62|||24|||34
index|||17|||62|||28|||34
index|||18|||62|||34|||34
index|||4|||6|||32|||25
index|||8|||34|||38|||25
index|||9|||34|||43|||25
index|||14|||51|||51|||25
index|||19|||62|||42|||25
index|||20|||62|||49|||25
}|||11|||6|||37|||251
}|||12|||6|||38|||251
}|||16|||9|||45|||251
}|||17|||9|||46|||251
cpu|||2|||7|||3|||395
cpu|||3|||8|||5|||395
cpu|||4|||9|||3|||395
cpu|||7|||14|||3|||395
cpu|||8|||15|||3|||395
cpu|||9|||16|||3|||395
cpu|||12|||23|||5|||395
cpu|||14|||29|||5|||395
cpu|||15|||30|||3|||395
cpu|||17|||34|||7|||395
cpu|||20|||39|||7|||395
0|||9|||7|||34|||301
0|||12|||9|||35|||301
0|||13|||9|||43|||301
vector|||1|||8|||3|||333
array|||9|||23|||3|||333
array|||10|||34|||3|||333
array|||11|||55|||3|||333
array|||15|||73|||3|||333
array|||16|||119|||5|||333
a|||1|||8|||9|||39
a|||3|||11|||11|||39
a|||5|||17|||11|||39
a|||13|||23|||9|||39
a|||17|||27|||7|||39
a|||19|||29|||9|||39
b|||1|||8|||13|||7
b|||3|||11|||15|||7
b|||5|||17|||15|||7
b|||7|||23|||13|||7
b|||9|||27|||11|||7
b|||11|||29|||13|||7
b|||13|||33|||27|||7
b|||15|||43|||15|||7
b|||17|||45|||19|||7
b|||18|||45|||67|||7
b|||19|||76|||9|||7
c|||1|||8|||17|||81
c|||3|||11|||7|||81
c|||5|||17|||7|||81
c|||7|||18|||16|||81
c|||9|||23|||17|||81
c|||11|||25|||16|||81
c|||13|||27|||15|||81
c|||15|||29|||17|||81
c|||17|||33|||17|||81
c|||19|||43|||7|||81
+|||20|||8|||34|||319
c|||2|||8|||38|||373
c|||4|||11|||46|||373
c|||6|||17|||37|||373
c|||8|||18|||38|||373
c|||10|||23|||40|||373
c|||12|||25|||38|||373
c|||14|||27|||37|||373
c|||16|||29|||39|||373
c|||18|||33|||41|||373
c|||20|||43|||37|||373
a|||2|||8|||43|||292
a|||4|||11|||53|||292
a|||6|||17|||42|||292
a|||14|||23|||45|||292
a|||18|||27|||42|||292
a|||20|||29|||44|||292
b|||2|||8|||48|||234
b|||4|||11|||60|||234
b|||6|||17|||47|||234
b|||8|||23|||50|||234
b|||10|||27|||47|||234
b|||12|||29|||49|||234
b|||14|||33|||51|||234
b|||16|||43|||47|||234
b|||20|||76|||68|||234
input|||1|||9|||7|||18
input|||3|||56|||8|||18
input|||8|||69|||12|||18
input|||11|||83|||14|||18
input|||18|||100|||6|||18
image|||16|||140|||9|||18
const|||1|||9|||9|||92
const|||4|||20|||11|||92
const|||5|||21|||5|||92
const|||6|||23|||19|||92
const|||7|||30|||17|||92
const|||13|||46|||7|||92
dims|||1|||9|||11|||20
cols|||1|||46|||16|||20
dims|||3|||56|||11|||20
dims|||5|||66|||26|||20
dims|||7|||77|||22|||20
cols|||4|||84|||25|||20
cols|||7|||137|||23|||20
cols|||12|||138|||23|||20
dims|||9|||141|||22|||20
dims|||2|||9|||23|||206
cols|||2|||46|||47|||206
dims|||4|||56|||23|||206
dims|||6|||66|||38|||206
dims|||8|||77|||34|||206
cols|||5|||84|||44|||206
cols|||8|||137|||35|||206
cols|||13|||138|||35|||206
dims|||10|||141|||46|||206
dims|||11|||141|||56|||206
if|||1|||9|||30|||194
if|||4|||51|||33|||194
if|||5|||56|||51|||194
if|||9|||69|||48|||194
=|||20|||9|||33|||357
input|||2|||9|||38|||325
input|||4|||56|||53|||325
input|||6|||58|||57|||325
input|||7|||58|||65|||325
offset|||1|||10|||5|||30
kernel|||2|||50|||3|||30
kernel|||3|||97|||3|||30
clamp|||1|||109|||3|||30
rows|||6|||116|||3|||30
offset|||2|||116|||7|||30
kernel|||4|||116|||13|||30
image|||5|||119|||3|||30
kernel|||5|||123|||5|||30
sources|||1|||135|||3|||30
const|||2|||10|||7|||280
const|||3|||10|||11|||280
const|||8|||33|||3|||280
const|||9|||33|||7|||280
const|||10|||33|||11|||280
const|||11|||33|||19|||280
const|||12|||33|||24|||280
const|||14|||46|||10|||280
const|||15|||46|||14|||280
_|||16|||11|||23|||377
_|||17|||11|||29|||377
_|||18|||11|||35|||377
_|||19|||11|||41|||377
_|||20|||11|||49|||377
id|||1|||11|||24|||261
id|||2|||11|||30|||261
id|||3|||11|||36|||261
id|||4|||11|||42|||261
id|||5|||11|||50|||261
id|||6|||11|||57|||261
id|||7|||11|||64|||261
t|||2|||11|||28|||271
t|||3|||11|||34|||271
t|||4|||11|||40|||271
t|||5|||11|||48|||271
t|||6|||11|||55|||271
t|||7|||11|||62|||271
dim|||1|||12|||13|||93
dim|||2|||12|||25|||93
dim|||3|||12|||36|||93
dim|||4|||21|||7|||93
dim|||5|||21|||30|||93
dim|||6|||139|||22|||93
dim|||10|||143|||29|||93
mat|||2|||12|||32|||355
mat|||4|||62|||53|||355
mat|||6|||63|||53|||355
mat|||8|||71|||53|||355
r|||1|||13|||9|||294
r|||2|||13|||37|||294
u|||1|||13|||18|||153
u|||2|||13|||22|||153
u|||3|||13|||26|||153
u|||4|||13|||33|||153
u|||5|||13|||39|||153
ALPHA|||1|||14|||9|||171
ALPHA|||2|||14|||43|||171
ALPHA|||3|||15|||9|||171
ALPHA|||4|||15|||44|||171
ALPHA|||5|||52|||9|||171
ALPHA|||6|||52|||59|||171
X|||1|||14|||13|||13
X|||3|||15|||13|||13
X|||5|||37|||10|||13
Y|||1|||37|||17|||13
X|||7|||39|||14|||13
X|||9|||48|||10|||13
Y|||5|||48|||17|||13
X|||11|||52|||13|||13
Y|||7|||52|||20|||13
X|||13|||109|||12|||13
INCX|||1|||14|||16|||303
INCX|||3|||15|||16|||303
INCX|||5|||37|||13|||303
INCX|||7|||48|||13|||303
INCX|||9|||52|||16|||303
INCX|||11|||109|||15|||303
X|||2|||14|||36|||297
X|||4|||15|||36|||297
B|||2|||26|||41|||297
Y|||2|||37|||40|||297
Y|||6|||48|||40|||297
Y|||8|||52|||43|||297
INCX|||2|||14|||40|||125
INCX|||4|||15|||40|||125
INCY|||2|||37|||44|||125
INCX|||6|||37|||52|||125
INCY|||4|||48|||44|||125
INCX|||8|||48|||51|||125
INCY|||6|||52|||47|||125
INCX|||10|||52|||56|||125
length|||1|||16|||12|||322
length|||2|||16|||45|||322
length|||9|||96|||29|||322
length|||10|||96|||49|||322
%|||1|||16|||42|||344
%|||2|||47|||47|||344
%|||6|||96|||60|||344
host|||2|||17|||1|||274
host|||3|||43|||1|||274
k|||1|||17|||24|||86
k|||2|||17|||28|||86
k|||3|||17|||32|||86
k|||4|||17|||39|||86
k|||5|||17|||44|||86
k|||6|||17|||49|||86
k|||7|||43|||24|||86
k|||8|||43|||28|||86
k|||9|||43|||32|||86
k|||10|||43|||39|||86
k|||11|||43|||44|||86
k|||12|||43|||49|||86
matrix|||1|||18|||5|||82
matrix|||2|||25|||5|||82
matrix|||3|||27|||3|||82
matrix|||4|||46|||3|||82
matrix|||5|||84|||3|||82
matrix|||6|||99|||3|||82
matrix|||9|||110|||3|||82
matrix|||10|||124|||1|||82
a|||7|||18|||9|||127
a|||8|||18|||43|||127
a|||9|||19|||10|||127
a|||10|||19|||32|||127
a|||15|||25|||9|||127
a|||16|||25|||43|||127
value|||1|||18|||12|||94
value|||2|||18|||48|||94
value|||3|||25|||12|||94
value|||4|||25|||48|||94
value|||5|||31|||12|||94
value|||6|||31|||46|||94
long|||1|||20|||5|||104
long|||2|||20|||12|||104
double|||20|||46|||5|||104
vec|||1|||20|||7|||326
vec|||2|||20|||32|||326
vec|||3|||20|||39|||326
vec|||4|||20|||46|||326
out|||1|||20|||9|||340
out|||9|||45|||25|||340
out|||18|||84|||17|||340
out|||2|||20|||34|||59
out|||3|||20|||41|||59
out|||4|||20|||48|||59
out|||6|||32|||42|||59
out|||8|||44|||38|||59
out|||10|||45|||49|||59
out|||12|||57|||60|||59
out|||14|||59|||54|||59
out|||15|||59|||66|||59
out|||19|||84|||90|||59
a|||11|||21|||10|||381
a|||12|||21|||42|||381
alpha|||6|||65|||42|||381
x|||3|||21|||14|||243
x|||11|||34|||11|||243
x|||12|||34|||36|||243
x|||13|||34|||41|||243
x|||14|||35|||14|||243
x|||4|||21|||44|||372
x|||15|||35|||44|||372
x|||16|||35|||52|||372
1|||1|||22|||35|||12
1|||2|||26|||47|||12
1|||4|||38|||39|||12
1|||5|||38|||47|||12
1|||6|||42|||60|||12
1|||7|||50|||66|||12
1|||10|||57|||72|||12
sum|||1|||23|||1|||108
sum|||2|||29|||1|||108
sum|||4|||56|||62|||108
sum|||5|||68|||1|||108
m|||1|||24|||10|||139
m|||2|||24|||46|||139
m|||6|||62|||30|||139
m|||8|||63|||30|||139
m|||10|||71|||30|||139
m|||12|||73|||37|||139
m|||14|||108|||41|||139
m|||18|||110|||44|||139
tmp|||1|||24|||17|||103
tmp|||2|||24|||41|||103
vec|||5|||62|||12|||103
vec|||7|||63|||12|||103
src|||1|||73|||10|||103
src|||2|||73|||69|||103
in|||18|||82|||14|||103
/|||1|||24|||45|||0
/|||2|||26|||38|||0
/|||3|||32|||53|||0
/|||4|||34|||55|||0
/|||5|||42|||52|||0
/|||6|||44|||51|||0
/|||7|||53|||52|||0
/|||15|||86|||29|||0
/|||16|||87|||64|||0
/|||17|||90|||80|||0
/|||20|||94|||90|||0
A|||1|||26|||8|||264
A|||3|||30|||7|||264
A|||7|||79|||5|||264
A|||9|||95|||11|||264
A|||11|||111|||6|||264
A|||13|||113|||8|||264
A|||15|||114|||9|||264
A|||17|||134|||5|||264
B|||1|||26|||12|||267
B|||3|||30|||11|||267
B|||5|||79|||9|||267
B|||7|||95|||15|||267
B|||9|||111|||10|||267
B|||11|||113|||13|||267
B|||13|||114|||13|||267
B|||15|||134|||9|||267
x|||5|||26|||32|||42
x|||6|||26|||43|||42
x|||9|||33|||5|||42
x|||10|||33|||39|||42
A|||2|||26|||34|||228
A|||4|||30|||43|||228
A|||8|||79|||67|||228
A|||10|||95|||79|||228
A|||12|||111|||88|||228
A|||14|||113|||87|||228
A|||16|||114|||86|||228
A|||18|||134|||83|||228
double|||12|||27|||5|||308
double|||13|||27|||9|||308
double|||14|||27|||13|||308
double|||17|||45|||5|||308
double|||18|||45|||13|||308
double|||19|||45|||21|||308
C|||1|||30|||15|||122
C|||3|||79|||13|||122
C|||5|||95|||7|||122
C|||7|||111|||14|||122
C|||9|||113|||17|||122
C|||11|||114|||5|||122
C|||13|||134|||13|||122
C|||2|||30|||38|||328
C|||4|||79|||62|||328
C|||6|||95|||69|||328
C|||8|||111|||107|||328
C|||10|||113|||105|||328
C|||12|||114|||105|||328
C|||14|||134|||73|||328
B|||4|||30|||48|||272
B|||6|||79|||72|||272
B|||8|||95|||88|||272
B|||10|||111|||97|||272
B|||12|||113|||96|||272
B|||14|||114|||95|||272
B|||16|||134|||92|||272
vector|||2|||31|||9|||17
matrix|||7|||104|||15|||17
vector|||6|||104|||19|||17
mean|||9|||136|||11|||17
mean|||10|||136|||129|||17
unsigned|||1|||31|||14|||14
unsigned|||2|||31|||21|||14
unsigned|||3|||35|||5|||14
unsigned|||4|||44|||21|||14
unsigned|||5|||49|||11|||14
unsigned|||6|||49|||21|||14
unsigned|||11|||83|||9|||14
unsigned|||20|||88|||9|||14
vector|||3|||31|||41|||176
vector|||5|||54|||54|||176
vec|||6|||62|||63|||176
vec|||8|||63|||63|||176
matrix|||8|||104|||68|||176
vector|||7|||104|||77|||176
d|||1|||32|||7|||90
d|||4|||32|||47|||90
d|||12|||45|||7|||90
d|||13|||45|||15|||90
d|||14|||45|||23|||90
d|||16|||45|||54|||90
d|||17|||45|||63|||90
d|||18|||53|||6|||90
in|||1|||32|||9|||2
in|||3|||44|||7|||2
in|||10|||57|||13|||2
in|||12|||59|||9|||2
in|||15|||67|||9|||2
in|||16|||67|||61|||2
in|||17|||67|||70|||2
in|||20|||84|||11|||2
d|||2|||32|||13|||387
d|||7|||44|||5|||387
d|||8|||44|||11|||387
d|||19|||53|||12|||387
out|||5|||32|||15|||289
out|||7|||44|||13|||289
out|||11|||57|||7|||289
out|||13|||59|||15|||289
length|||3|||32|||18|||50
length|||4|||32|||33|||50
length|||5|||45|||28|||50
length|||6|||45|||40|||50
length|||7|||59|||18|||50
length|||8|||59|||33|||50
outputlength|||1|||130|||18|||50
d|||3|||32|||40|||358
d|||9|||44|||36|||358
d|||15|||45|||47|||358
in|||2|||32|||49|||237
in|||4|||44|||47|||237
in|||5|||44|||55|||237
in|||11|||57|||67|||237
in|||13|||59|||44|||237
in|||14|||59|||73|||237
y|||8|||33|||9|||46
col|||1|||46|||22|||46
j|||18|||73|||27|||46
y|||10|||74|||24|||46
idy|||1|||84|||34|||46
column|||5|||118|||21|||46
column|||10|||124|||37|||46
cell|||1|||124|||40|||46
y|||9|||33|||33|||295
y|||14|||74|||61|||295
y|||18|||82|||63|||295
val|||3|||34|||34|||276
val|||4|||34|||47|||276
val|||5|||34|||52|||276
val|||6|||34|||54|||276
>|||1|||34|||48|||28
>|||2|||50|||53|||28
>|||5|||78|||72|||28
>|||6|||80|||47|||28
>|||7|||85|||52|||28
>|||8|||87|||51|||28
>|||11|||90|||24|||28
>|||12|||91|||78|||28
>|||18|||109|||54|||28
>|||19|||122|||115|||28
?|||1|||34|||51|||10
?|||2|||40|||45|||10
?|||3|||78|||74|||10
?|||4|||80|||49|||10
?|||5|||85|||55|||10
?|||6|||105|||98|||10
?|||7|||122|||118|||10
:|||1|||34|||53|||392
:|||4|||80|||54|||392
:|||5|||85|||62|||392
myId|||1|||35|||24|||311
myId|||2|||35|||28|||311
myId|||3|||35|||32|||311
myId|||4|||35|||39|||311
myId|||5|||35|||46|||311
myId|||6|||35|||54|||311
1|||3|||35|||50|||119
1|||14|||66|||64|||119
1|||17|||69|||81|||119
-|||4|||35|||51|||96
-|||6|||42|||47|||96
-|||7|||44|||59|||96
-|||12|||53|||58|||96
kernel|||1|||36|||3|||349
output|||1|||36|||15|||67
output|||3|||60|||13|||67
output|||6|||69|||18|||67
output|||9|||77|||19|||67
output|||12|||83|||7|||67
output|||14|||100|||11|||67
output|||16|||116|||17|||67
output|||18|||127|||18|||67
output|||20|||132|||25|||67
count|||1|||36|||18|||113
count|||2|||36|||32|||113
count|||3|||72|||41|||113
count|||4|||72|||78|||113
count|||5|||72|||90|||113
output|||2|||36|||38|||118
output|||4|||60|||45|||118
output|||5|||60|||55|||118
output|||10|||77|||54|||118
output|||11|||77|||64|||118
output|||15|||100|||72|||118
output|||17|||116|||104|||118
output|||19|||127|||148|||118
INCY|||1|||37|||20|||370
INCY|||3|||48|||20|||370
INCY|||5|||52|||23|||370
X|||6|||37|||48|||88
X|||8|||39|||48|||88
X|||10|||48|||47|||88
X|||12|||52|||52|||88
X|||14|||109|||48|||88
X|||15|||109|||59|||88
X|||16|||109|||78|||88
X|||17|||109|||90|||88
X|||18|||109|||111|||88
:|||2|||40|||50|||106
:|||3|||78|||76|||106
:|||6|||105|||100|||106
:|||7|||122|||120|||106
[CLS]42|||1|||42|||-1|||250
[CLS]47|||1|||47|||-1|||250
[CLS]49|||1|||49|||-1|||250
[CLS]50|||1|||50|||-1|||250
[CLS]51|||1|||51|||-1|||250
[CLS]56|||1|||56|||-1|||250
[CLS]57|||1|||57|||-1|||250
[CLS]59|||1|||59|||-1|||250
[CLS]62|||1|||62|||-1|||250
[CLS]63|||1|||63|||-1|||250
[CLS]66|||1|||66|||-1|||250
[CLS]69|||1|||69|||-1|||250
[CLS]70|||1|||70|||-1|||250
[CLS]71|||1|||71|||-1|||250
[CLS]75|||1|||75|||-1|||250
[CLS]77|||1|||77|||-1|||250
[CLS]79|||1|||79|||-1|||250
[CLS]81|||1|||81|||-1|||250
[CLS]82|||1|||82|||-1|||250
[CLS]83|||1|||83|||-1|||250
[CLS]84|||1|||84|||-1|||250
[CLS]88|||1|||88|||-1|||250
[CLS]96|||1|||96|||-1|||250
[CLS]97|||1|||97|||-1|||250
[CLS]99|||1|||99|||-1|||250
[CLS]101|||1|||101|||-1|||250
[CLS]103|||1|||103|||-1|||250
[CLS]105|||1|||105|||-1|||250
[CLS]106|||1|||106|||-1|||250
[CLS]107|||1|||107|||-1|||250
[CLS]108|||1|||108|||-1|||250
[CLS]109|||1|||109|||-1|||250
[CLS]110|||1|||110|||-1|||250
[CLS]113|||1|||113|||-1|||250
[CLS]116|||1|||116|||-1|||250
[CLS]117|||1|||117|||-1|||250
[CLS]118|||1|||118|||-1|||250
[CLS]119|||1|||119|||-1|||250
[CLS]120|||1|||120|||-1|||250
[CLS]121|||1|||121|||-1|||250
[CLS]123|||1|||123|||-1|||250
[CLS]124|||1|||124|||-1|||250
[CLS]125|||1|||125|||-1|||250
[CLS]127|||1|||127|||-1|||250
[CLS]128|||1|||128|||-1|||250
[CLS]129|||1|||129|||-1|||250
[CLS]130|||1|||130|||-1|||250
[CLS]132|||1|||132|||-1|||250
[CLS]133|||1|||133|||-1|||250
[CLS]134|||1|||134|||-1|||250
[CLS]135|||1|||135|||-1|||250
[CLS]136|||1|||136|||-1|||250
[CLS]137|||1|||137|||-1|||250
[CLS]138|||1|||138|||-1|||250
[CLS]139|||1|||139|||-1|||250
[CLS]141|||1|||141|||-1|||250
[CLS]142|||1|||142|||-1|||250
[CLS]143|||1|||143|||-1|||250
u|||6|||42|||5|||174
u|||9|||42|||43|||174
u|||12|||137|||10|||174
u|||15|||138|||10|||174
u|||7|||42|||12|||249
u|||8|||42|||17|||249
u|||10|||42|||48|||249
u|||11|||42|||53|||249
m|||3|||42|||14|||71
d|||5|||42|||19|||71
m|||4|||42|||50|||71
d|||6|||42|||55|||71
d|||10|||44|||45|||299
d|||11|||44|||53|||299
d|||20|||53|||59|||299
in|||19|||82|||72|||299
bit|||4|||88|||62|||299
3|||1|||44|||63|||296
3|||3|||100|||45|||296
3|||4|||100|||54|||296
3|||5|||100|||65|||296
in|||6|||45|||9|||100
in|||7|||45|||17|||100
in|||8|||45|||56|||100
in|||9|||45|||65|||100
A|||5|||46|||8|||109
A|||6|||46|||54|||109
out|||16|||82|||7|||109
out|||17|||82|||83|||109
rows|||1|||46|||12|||120
rows|||3|||84|||21|||120
memWidth|||1|||89|||8|||120
rows|||7|||118|||14|||120
columns|||1|||118|||17|||120
h|||18|||132|||14|||120
spatial|||1|||136|||20|||120
rows|||11|||137|||20|||120
rows|||14|||138|||20|||120
row|||1|||46|||20|||116
row|||2|||46|||26|||116
row|||3|||46|||30|||116
row|||4|||46|||34|||116
row|||7|||99|||26|||116
row|||8|||99|||30|||116
row|||9|||99|||34|||116
row|||12|||101|||40|||116
row|||13|||101|||44|||116
row|||18|||112|||31|||116
row|||19|||112|||35|||116
row|||20|||112|||41|||116
rows|||2|||46|||32|||369
rows|||4|||84|||59|||369
columns|||2|||118|||34|||369
rows|||8|||118|||49|||369
columns|||3|||118|||64|||369
rows|||12|||137|||51|||369
rows|||15|||138|||51|||369
col|||2|||46|||41|||197
col|||3|||46|||45|||197
col|||4|||46|||49|||197
col|||6|||99|||42|||197
col|||7|||99|||46|||197
col|||11|||101|||24|||197
col|||12|||101|||28|||197
col|||18|||112|||47|||197
col|||19|||112|||51|||197
row|||5|||46|||56|||22
row|||10|||99|||81|||22
row|||11|||99|||100|||22
row|||15|||101|||55|||22
row|||16|||101|||72|||22
row|||17|||101|||84|||22
cols|||3|||46|||58|||152
cols|||6|||84|||72|||152
cols|||9|||137|||80|||152
cols|||10|||137|||93|||152
cols|||11|||137|||135|||152
cols|||14|||138|||80|||152
cols|||15|||138|||93|||152
cols|||16|||138|||131|||152
col|||5|||46|||60|||9
col|||8|||99|||50|||9
col|||9|||99|||94|||9
col|||10|||99|||104|||9
col|||13|||101|||32|||9
row|||14|||101|||50|||9
col|||14|||101|||59|||9
col|||15|||101|||65|||9
col|||16|||101|||76|||9
col|||17|||101|||88|||9
col|||20|||112|||57|||9
g|||1|||47|||7|||188
g|||2|||47|||55|||188
g|||3|||47|||70|||188
g|||4|||57|||5|||188
g|||5|||57|||11|||188
g|||6|||57|||58|||188
g|||7|||57|||65|||188
data|||5|||47|||9|||323
data|||6|||47|||57|||323
data|||7|||47|||72|||323
tx|||2|||47|||30|||11
tx|||3|||47|||34|||11
tx|||4|||47|||38|||11
tx|||9|||102|||40|||11
tx|||10|||102|||44|||11
tx|||11|||102|||53|||11
tx|||12|||102|||66|||11
tx|||13|||102|||73|||11
tx|||14|||102|||86|||11
if|||2|||47|||43|||49
if|||6|||58|||48|||49
if|||7|||59|||40|||49
if|||8|||66|||45|||49
if|||10|||70|||56|||49
if|||11|||77|||41|||49
if|||12|||86|||12|||49
if|||14|||90|||21|||49
if|||20|||102|||49|||49
2|||1|||47|||48|||158
2|||2|||60|||21|||158
2|||3|||86|||30|||158
2|||4|||88|||55|||158
2|||16|||127|||40|||158
else|||1|||47|||68|||232
else|||3|||59|||62|||232
else|||4|||66|||67|||232
else|||6|||77|||62|||232
else|||7|||97|||87|||232
else|||8|||109|||88|||232
else|||9|||141|||111|||232
id|||8|||49|||23|||24
id|||9|||49|||27|||24
id|||10|||49|||31|||24
id|||11|||49|||37|||24
id|||12|||49|||44|||24
id|||13|||49|||51|||24
id|||14|||49|||58|||24
id|||15|||50|||34|||24
id|||16|||50|||38|||24
id|||17|||50|||42|||24
id|||18|||50|||51|||24
id|||19|||50|||58|||24
id|||20|||50|||63|||24
if|||3|||50|||47|||198
if|||13|||87|||45|||198
if|||15|||91|||72|||198
if|||16|||92|||50|||198
if|||17|||97|||55|||198
if|||18|||97|||67|||198
if|||19|||101|||68|||198
-|||8|||50|||65|||114
-|||9|||51|||46|||114
-|||10|||51|||55|||114
-|||11|||51|||57|||114
1|||8|||51|||47|||330
1|||9|||51|||58|||330
1|||11|||60|||36|||330
1|||12|||60|||51|||330
1|||13|||60|||61|||330
index|||15|||51|||56|||134
height|||9|||83|||87|||134
const|||16|||53|||3|||302
const|||17|||56|||5|||302
const|||18|||62|||9|||302
const|||19|||63|||9|||302
const|||20|||66|||9|||302
un|||2|||53|||29|||95
un|||3|||53|||35|||95
un|||4|||53|||41|||95
un|||5|||53|||63|||95
un|||6|||53|||74|||95
j|||1|||54|||33|||173
j|||2|||54|||37|||173
j|||3|||54|||41|||173
j|||6|||62|||47|||173
j|||9|||63|||47|||173
j|||16|||71|||47|||173
j|||19|||73|||47|||173
j|||20|||73|||51|||173
j|||4|||54|||49|||33
j|||5|||54|||56|||33
j|||7|||62|||59|||33
j|||8|||62|||65|||33
j|||10|||63|||59|||33
j|||14|||68|||54|||33
j|||15|||68|||64|||33
j|||17|||71|||59|||33
sum|||3|||56|||31|||208
sum|||6|||99|||56|||208
sum|||9|||104|||44|||208
sum|||12|||111|||31|||208
sum|||13|||111|||65|||208
sum|||17|||133|||69|||208
4|||1|||56|||44|||5
3|||2|||71|||71|||5
4|||2|||96|||61|||5
batch|||1|||58|||8|||142
batch|||2|||58|||39|||142
batch|||6|||132|||8|||142
batch|||7|||132|||43|||142
batch|||8|||136|||14|||142
batch|||9|||136|||34|||142
input|||5|||58|||15|||32
srcData|||5|||85|||13|||32
maxval|||1|||94|||20|||32
else|||2|||58|||64|||269
else|||5|||70|||77|||269
>|||3|||59|||48|||186
>|||4|||66|||51|||186
>|||13|||92|||56|||186
>|||15|||97|||73|||186
-|||13|||60|||35|||212
-|||14|||60|||50|||212
-|||15|||60|||60|||212
unsigned|||7|||61|||5|||178
unsigned|||8|||61|||10|||178
unsigned|||9|||61|||15|||178
unsigned|||10|||61|||50|||178
char|||1|||61|||6|||44
char|||2|||61|||11|||44
char|||3|||61|||16|||44
char|||13|||100|||4|||44
char|||14|||100|||9|||44
char|||15|||100|||18|||44
char|||18|||118|||4|||44
char|||19|||118|||9|||44
char|||20|||118|||70|||44
width|||1|||61|||21|||257
width|||3|||74|||14|||257
width|||6|||82|||19|||257
width|||9|||83|||18|||257
width|||15|||105|||15|||257
width|||17|||112|||22|||257
height|||1|||61|||24|||324
height|||3|||74|||17|||324
height|||5|||82|||22|||324
height|||7|||83|||22|||324
height|||10|||105|||18|||324
height|||12|||116|||28|||324
height|||15|||140|||20|||324
width|||2|||61|||36|||126
width|||4|||74|||34|||126
width|||5|||74|||63|||126
width|||7|||82|||34|||126
width|||8|||82|||65|||126
width|||10|||83|||34|||126
width|||16|||105|||35|||126
width|||18|||112|||37|||126
width|||19|||112|||53|||126
width|||20|||112|||73|||126
height|||2|||61|||38|||202
height|||4|||74|||49|||202
height|||6|||82|||50|||202
height|||8|||83|||50|||202
height|||11|||105|||51|||202
height|||13|||116|||61|||202
height|||16|||140|||32|||202
char|||4|||61|||51|||221
char|||16|||100|||79|||221
m|||5|||62|||15|||334
m|||7|||63|||15|||334
m|||9|||71|||15|||334
m|||11|||73|||18|||334
m|||13|||108|||13|||334
m|||17|||110|||26|||334
m|||19|||123|||17|||334
/|||8|||62|||43|||266
/|||9|||63|||43|||266
/|||11|||71|||43|||266
%|||3|||62|||50|||138
%|||4|||63|||50|||138
%|||5|||71|||50|||138
%|||8|||130|||54|||138
%|||9|||130|||68|||138
x|||17|||64|||5|||150
x|||18|||64|||12|||150
x|||19|||64|||16|||150
x|||20|||64|||34|||150
mask|||1|||66|||5|||64
mask|||2|||66|||23|||64
mask|||3|||66|||59|||64
mask|||4|||66|||71|||64
score|||1|||66|||12|||55
score|||3|||66|||47|||55
score|||4|||66|||52|||55
score|||5|||77|||8|||55
score|||7|||77|||43|||55
score|||8|||77|||69|||55
score|||2|||66|||15|||54
score|||6|||77|||13|||54
score|||9|||77|||74|||54
depth|||1|||105|||21|||54
depth|||2|||105|||103|||54
f|||1|||67|||7|||223
f|||2|||67|||13|||223
f|||3|||67|||59|||223
f|||4|||67|||68|||223
f|||5|||67|||77|||223
f|||6|||67|||86|||223
k|||13|||67|||25|||51
k|||14|||67|||31|||51
k|||15|||67|||37|||51
k|||16|||67|||45|||51
k|||17|||67|||63|||51
k|||18|||67|||72|||51
k|||19|||67|||81|||51
k|||20|||67|||90|||51
r|||3|||68|||14|||242
r|||4|||68|||45|||242
r|||8|||114|||17|||242
r|||9|||114|||40|||242
j|||11|||68|||23|||341
j|||12|||68|||27|||341
j|||13|||68|||31|||341
device|||1|||69|||10|||155
device|||2|||69|||16|||155
device|||3|||69|||39|||155
device|||4|||69|||57|||155
device|||5|||69|||65|||155
device|||6|||69|||74|||155
output|||7|||69|||41|||235
output|||8|||69|||76|||235
output|||13|||83|||59|||235
1|||15|||69|||52|||69
1|||16|||69|||71|||69
1|||19|||73|||33|||69
1|||20|||73|||39|||69
&|||1|||69|||55|||99
&|||2|||69|||56|||99
&|||7|||133|||104|||99
input|||9|||69|||59|||164
input|||10|||69|||67|||164
input|||12|||83|||72|||164
input|||13|||83|||83|||164
bid|||2|||70|||28|||146
bid|||3|||70|||32|||146
bid|||4|||70|||36|||146
column|||6|||118|||28|||146
column|||7|||118|||32|||146
column|||8|||118|||36|||146
bid|||5|||70|||60|||195
bid|||6|||70|||68|||195
bid|||7|||70|||80|||195
bid|||8|||70|||90|||195
/|||10|||70|||86|||339
/|||12|||71|||61|||339
/|||18|||91|||86|||339
cluster|||1|||72|||35|||74
cluster|||2|||72|||49|||74
cluster|||3|||72|||55|||74
cluster|||4|||72|||59|||74
cluster|||5|||72|||63|||74
cluster|||6|||72|||70|||74
cluster|||7|||72|||75|||74
cluster|||8|||72|||82|||74
cluster|||9|||72|||87|||74
max|||1|||72|||43|||56
max|||8|||109|||25|||56
max|||10|||109|||109|||56
1|||18|||72|||45|||362
/|||13|||72|||77|||226
/|||14|||72|||89|||226
/|||19|||94|||66|||226
dst|||1|||73|||15|||62
dst|||2|||73|||61|||62
RES|||1|||115|||7|||62
RES|||6|||126|||9|||62
y|||11|||74|||43|||277
y|||12|||74|||47|||277
y|||13|||74|||51|||277
y|||15|||82|||44|||277
y|||16|||82|||48|||277
y|||17|||82|||52|||277
y|||19|||83|||44|||277
y|||20|||83|||48|||277
ns|||1|||75|||24|||185
ns|||2|||75|||42|||185
ns|||3|||135|||55|||185
ns|||4|||135|||91|||185
npml|||1|||75|||27|||105
nnz|||1|||75|||30|||105
npml|||2|||75|||63|||105
npml|||3|||75|||73|||105
npml|||4|||117|||24|||105
nnz|||3|||117|||27|||105
nnz|||2|||75|||54|||84
max|||9|||109|||70|||84
nnz|||4|||117|||42|||84
nnz|||5|||117|||76|||84
nx|||1|||79|||16|||361
nx|||3|||111|||17|||361
nx|||9|||120|||13|||361
ny|||1|||79|||19|||40
ny|||2|||79|||40|||40
ny|||3|||111|||20|||40
ny|||4|||111|||58|||40
ny|||5|||120|||16|||40
ny|||6|||120|||42|||40
cnt|||1|||79|||28|||183
cnt|||2|||79|||64|||183
cnt|||3|||79|||69|||183
cnt|||4|||79|||74|||183
cnt|||5|||79|||77|||183
nx|||2|||79|||55|||244
nx|||4|||111|||43|||244
nx|||5|||111|||77|||244
nx|||10|||120|||30|||244
nx|||11|||120|||59|||244
nx|||12|||135|||47|||244
nx|||13|||135|||76|||244
data|||8|||80|||12|||239
data|||9|||80|||29|||239
data|||10|||85|||16|||239
data|||11|||85|||33|||239
srcData|||2|||80|||43|||275
srcData|||3|||80|||50|||275
srcData|||4|||80|||55|||275
char|||5|||82|||5|||61
char|||6|||82|||57|||61
char|||7|||83|||10|||61
char|||17|||105|||70|||61
image|||1|||82|||9|||144
image|||2|||82|||16|||144
image|||3|||82|||74|||144
image|||4|||82|||85|||144
temp|||1|||82|||58|||60
temp|||3|||82|||90|||60
temp|||4|||92|||66|||60
temp|||5|||92|||92|||60
temp|||6|||113|||65|||60
temp|||9|||114|||29|||60
temp|||10|||114|||63|||60
temp|||13|||127|||43|||60
val|||7|||82|||70|||327
temp|||2|||82|||79|||3
pos|||5|||120|||69|||3
temp|||14|||127|||72|||3
unsigned|||12|||83|||16|||63
unsigned|||13|||83|||20|||63
unsigned|||14|||84|||19|||63
unsigned|||15|||84|||23|||63
unsigned|||16|||84|||28|||63
unsigned|||17|||84|||32|||63
unsigned|||18|||84|||66|||63
unsigned|||19|||84|||76|||63
width|||11|||83|||63|||148
width|||12|||83|||76|||148
width|||13|||83|||85|||148
width|||14|||83|||91|||148
mat|||9|||84|||9|||112
mat|||10|||84|||15|||112
mat|||11|||84|||88|||112
mat|||12|||84|||97|||112
idy|||2|||84|||53|||115
idy|||3|||84|||57|||115
idy|||4|||84|||61|||115
idy|||7|||113|||51|||115
idy|||8|||113|||55|||115
idy|||9|||113|||59|||115
pos|||1|||84|||68|||316
pos|||2|||84|||80|||316
pos|||3|||84|||94|||316
pos|||4|||84|||101|||316
idy|||5|||84|||70|||172
idy|||6|||84|||86|||172
idy|||10|||113|||89|||172
idy|||11|||113|||107|||172
rows|||5|||84|||84|||76
height|||14|||116|||95|||76
rows|||13|||137|||78|||76
rows|||16|||138|||78|||76
srcData|||6|||85|||48|||1
indptr|||8|||139|||37|||1
return|||3|||86|||19|||48
return|||4|||86|||60|||48
return|||5|||90|||94|||48
return|||6|||90|||98|||48
return|||7|||112|||121|||48
long|||3|||87|||3|||205
long|||4|||87|||6|||205
long|||5|||87|||9|||205
long|||6|||91|||3|||205
long|||7|||91|||6|||205
long|||8|||91|||9|||205
Xsize|||1|||87|||4|||396
Ysize|||1|||87|||7|||396
Zsize|||1|||87|||10|||396
Xsize|||3|||91|||4|||396
Ysize|||3|||91|||7|||396
Zsize|||3|||91|||10|||396
p|||1|||87|||14|||192
p|||2|||87|||55|||192
Xsize|||2|||87|||34|||315
Ysize|||2|||87|||36|||315
Zsize|||2|||87|||38|||315
Xsize|||4|||91|||24|||315
Ysize|||4|||91|||26|||315
Ysize|||5|||91|||31|||315
Zsize|||4|||91|||36|||315
Xsize|||5|||91|||41|||315
Zsize|||5|||91|||47|||315
bit|||1|||88|||5|||35
bit|||2|||88|||12|||35
bit|||5|||88|||71|||35
bit|||7|||88|||93|||35
dec|||1|||88|||17|||91
dec|||2|||88|||25|||91
dec|||3|||88|||31|||91
dec|||4|||88|||35|||91
dec|||5|||88|||39|||91
dec|||6|||88|||51|||91
dec|||7|||88|||66|||91
bit|||3|||88|||47|||343
bit|||6|||88|||75|||343
bit|||8|||88|||97|||343
&|||3|||88|||85|||123
&|||4|||88|||108|||123
&|||5|||96|||70|||123
2|||5|||88|||86|||181
2|||6|||89|||49|||181
2|||7|||91|||28|||181
2|||9|||91|||38|||181
2|||12|||91|||52|||181
2|||15|||120|||32|||181
>|||9|||88|||88|||135
>|||10|||88|||89|||135
devMatX|||1|||89|||20|||121
devMatX|||2|||89|||39|||121
devMatX|||3|||89|||52|||121
devMatX|||4|||89|||65|||121
devMatX|||5|||89|||74|||121
devMat|||2|||89|||24|||230
devMat|||3|||89|||28|||230
devMat|||4|||89|||33|||298
devMat|||5|||89|||42|||298
devMat|||6|||89|||55|||298
devMat|||7|||89|||68|||298
memWidth|||2|||89|||35|||128
memWidth|||3|||89|||44|||128
memWidth|||4|||89|||57|||128
memWidth|||5|||89|||70|||128
-|||18|||89|||48|||345
-|||19|||89|||61|||345
-|||20|||91|||32|||345
2|||8|||91|||33|||204
2|||10|||91|||43|||204
2|||11|||91|||49|||204
p|||4|||92|||52|||389
p|||5|||92|||57|||389
p|||6|||92|||68|||389
p|||7|||92|||73|||389
p|||8|||92|||78|||389
p|||9|||92|||85|||389
100|||4|||93|||8|||399
100|||5|||93|||16|||399
100|||6|||93|||24|||399
100|||7|||93|||37|||180
100|||8|||93|||53|||180
100|||9|||93|||79|||180
mean|||1|||94|||48|||79
mean|||2|||94|||91|||79
mean|||3|||122|||41|||79
mean|||4|||122|||60|||79
mean|||5|||122|||76|||79
mean|||6|||122|||78|||79
maxval|||2|||94|||56|||187
maxval|||3|||94|||61|||187
maxval|||4|||94|||81|||187
maxval|||5|||94|||86|||187
long|||9|||95|||17|||4
long|||10|||95|||23|||4
long|||11|||95|||39|||4
long|||12|||95|||55|||4
long|||13|||104|||3|||4
long|||14|||104|||28|||4
long|||15|||104|||50|||4
char|||8|||96|||7|||130
char|||9|||96|||16|||130
char|||10|||96|||35|||130
char|||11|||96|||67|||130
char|||12|||96|||74|||130
input|||14|||96|||9|||124
input|||15|||96|||27|||124
input|||16|||96|||47|||124
input|||17|||96|||95|||124
>|||14|||97|||63|||200
>|||20|||127|||120|||200
sum|||7|||99|||76|||273
sum|||10|||104|||65|||273
sum|||14|||111|||84|||273
sum|||15|||111|||86|||273
sum|||18|||133|||110|||273
sum|||8|||99|||107|||52
sum|||11|||104|||90|||52
tmp|||5|||110|||125|||52
sum|||16|||111|||116|||52
temp|||8|||113|||114|||52
temp|||12|||114|||114|||52
tmp|||8|||125|||141|||52
temp|||16|||127|||153|||52
sum|||19|||133|||145|||52
r|||5|||100|||19|||41
g|||8|||100|||21|||41
r|||6|||100|||41|||41
g|||9|||100|||50|||41
r|||7|||100|||87|||41
g|||10|||100|||94|||41
input|||19|||100|||43|||398
input|||20|||100|||52|||398
2|||13|||100|||69|||229
2|||14|||118|||101|||229
2|||18|||140|||112|||229
pixelNum|||1|||101|||18|||359
pixelNum|||2|||101|||30|||359
pixelNum|||3|||101|||57|||246
pixelNum|||4|||101|||74|||246
pixelNum|||5|||101|||86|||246
0.0|||1|||101|||79|||364
0.0|||2|||101|||91|||364
max|||2|||102|||24|||231
max|||3|||102|||31|||231
max|||4|||102|||56|||231
max|||5|||102|||60|||231
max|||6|||102|||76|||231
max|||7|||102|||80|||231
>|||16|||102|||55|||391
>|||17|||102|||75|||391
indptr|||1|||103|||19|||196
indptr|||4|||106|||23|||196
indptr|||7|||139|||15|||196
indptr|||15|||143|||19|||196
indices|||1|||103|||23|||332
indices|||3|||106|||27|||332
indices|||5|||139|||19|||332
indices|||7|||143|||23|||332
p|||10|||103|||26|||19
p|||11|||103|||91|||19
p|||14|||106|||30|||19
p|||15|||106|||99|||19
p|||18|||108|||29|||19
p|||19|||108|||57|||19
batch|||10|||136|||78|||19
jj|||1|||103|||53|||156
jj|||4|||103|||79|||156
jj|||6|||106|||61|||156
jj|||9|||106|||87|||156
indptr|||2|||103|||55|||141
indptr|||3|||103|||62|||141
indptr|||5|||106|||63|||141
indptr|||6|||106|||70|||141
indptr|||9|||139|||51|||141
indptr|||10|||139|||58|||141
indptr|||16|||143|||55|||141
indptr|||17|||143|||62|||141
jj|||2|||103|||60|||348
jj|||3|||103|||69|||348
jj|||7|||106|||68|||348
jj|||8|||106|||77|||348
indices|||2|||103|||77|||210
indices|||4|||106|||85|||210
indices|||6|||139|||73|||210
indices|||8|||143|||77|||210
p|||12|||103|||101|||366
p|||13|||103|||116|||366
p|||16|||106|||111|||366
p|||17|||106|||123|||366
jj|||5|||103|||109|||360
jj|||10|||106|||130|||360
out|||20|||104|||23|||163
grad|||3|||106|||37|||163
mask|||5|||127|||14|||163
variance|||2|||136|||24|||163
grad|||7|||137|||14|||163
grad|||10|||138|||14|||163
offset|||8|||141|||19|||163
0.0|||3|||104|||46|||160
0.0|||4|||108|||67|||160
0.0|||5|||110|||70|||160
0.0|||6|||111|||33|||160
0.0|||7|||111|||67|||160
0.0|||8|||114|||65|||160
0.0|||9|||129|||91|||160
scale|||8|||105|||23|||278
scale|||9|||105|||105|||278
grad|||1|||106|||13|||23
grad|||2|||106|||19|||23
grad|||4|||106|||107|||23
grad|||5|||106|||119|||23
grad|||12|||143|||9|||23
grad|||13|||143|||15|||23
ind|||1|||107|||3|||8
ind|||2|||107|||15|||8
ind|||3|||107|||24|||8
ind|||9|||107|||108|||8
ind|||11|||107|||119|||8
sub|||1|||107|||17|||293
sub|||2|||107|||33|||293
sub|||5|||107|||110|||293
sub|||6|||107|||130|||293
sub|||3|||107|||51|||378
sub|||4|||107|||101|||378
ind|||4|||107|||59|||97
ind|||5|||107|||65|||97
ind|||6|||107|||73|||97
ind|||7|||107|||81|||97
ind|||8|||107|||94|||97
ind|||10|||107|||112|||346
ind|||12|||107|||121|||346
ind|||13|||107|||132|||346
ind|||14|||107|||141|||346
m|||15|||108|||92|||375
m|||16|||108|||111|||375
m|||20|||123|||75|||375
clamp|||2|||109|||18|||190
clamp|||3|||109|||23|||190
clamp|||4|||109|||68|||190
clamp|||5|||109|||74|||190
clamp|||6|||109|||100|||190
clamp|||7|||109|||107|||190
INCX|||12|||109|||52|||368
INCX|||13|||109|||63|||368
INCX|||14|||109|||82|||368
INCX|||15|||109|||94|||368
INCX|||16|||109|||115|||368
h|||1|||110|||9|||36
h|||2|||110|||15|||36
h|||3|||110|||21|||36
h|||7|||110|||91|||36
h|||9|||110|||102|||36
h|||11|||110|||114|||36
h|||17|||112|||106|||36
result|||1|||110|||23|||300
result|||2|||110|||116|||300
result|||3|||124|||30|||300
tmp|||3|||110|||68|||29
tmp|||4|||110|||88|||29
temp|||7|||113|||84|||29
temp|||11|||114|||83|||29
tmp|||6|||125|||76|||29
tmp|||7|||125|||98|||29
temp|||15|||127|||131|||29
h|||4|||110|||75|||291
h|||5|||110|||79|||291
h|||6|||110|||85|||291
h|||8|||110|||99|||291
h|||10|||110|||106|||65
h|||19|||132|||93|||65
h|||20|||132|||109|||65
nx|||6|||111|||92|||129
nx|||7|||111|||101|||129
nx|||8|||111|||111|||129
nx|||14|||135|||112|||129
nx|||15|||135|||132|||129
h|||12|||112|||5|||177
h|||13|||112|||11|||177
h|||14|||112|||17|||177
h|||15|||112|||83|||177
h|||16|||112|||94|||177
IJ|||1|||115|||54|||393
IJ|||9|||126|||56|||393
RES|||2|||115|||76|||98
RES|||3|||115|||82|||98
RES|||7|||126|||78|||98
RES|||8|||126|||83|||98
IJ|||2|||115|||78|||111
IJ|||3|||115|||84|||111
IJ|||4|||115|||89|||111
IJ|||5|||115|||94|||111
IJ|||6|||115|||101|||111
IJ|||7|||115|||106|||111
IJ|||8|||115|||114|||111
IJ|||10|||126|||80|||111
IJ|||11|||126|||85|||111
IJ|||12|||126|||90|||111
IJ|||13|||126|||95|||111
IJ|||14|||126|||102|||111
IJ|||15|||126|||107|||111
IJ|||16|||126|||114|||111
IJ|||17|||126|||119|||111
IJ|||18|||126|||124|||111
RES|||4|||115|||92|||247
RES|||5|||115|||104|||247
RES|||9|||126|||93|||247
RES|||10|||126|||105|||247
depth|||3|||116|||32|||162
depth|||4|||116|||45|||162
depth|||5|||137|||17|||162
depth|||7|||138|||17|||162
column|||1|||116|||71|||260
column|||2|||116|||75|||260
column|||3|||116|||83|||260
column|||11|||124|||61|||260
column|||12|||124|||65|||260
column|||13|||124|||71|||260
column|||17|||142|||60|||260
column|||18|||142|||64|||260
column|||19|||142|||68|||260
column|||4|||116|||102|||58
column|||14|||124|||84|||58
column|||15|||124|||114|||58
cell|||6|||124|||131|||58
column|||16|||124|||137|||58
column|||20|||142|||120|||58
npml|||5|||117|||38|||336
npml|||6|||117|||44|||336
npml|||7|||117|||56|||336
npml|||8|||117|||62|||336
offset|||3|||118|||57|||137
offset|||4|||118|||77|||137
offset|||5|||118|||86|||137
offset|||6|||118|||97|||137
offset|||7|||118|||106|||137
3|||6|||118|||79|||73
3|||7|||118|||88|||73
3|||8|||118|||99|||73
3|||9|||140|||70|||73
3|||10|||140|||90|||73
3|||11|||140|||110|||73
long|||16|||119|||10|||213
long|||17|||119|||11|||213
long|||18|||119|||59|||213
long|||19|||119|||60|||213
long|||20|||119|||87|||213
pixels|||1|||119|||17|||157
pixels|||2|||119|||37|||157
pixels|||3|||119|||72|||157
pixels|||4|||119|||100|||157
pixels|||5|||119|||128|||157
per|||1|||119|||19|||80
per|||2|||119|||39|||80
per|||3|||119|||74|||80
per|||4|||119|||102|||80
per|||5|||119|||130|||80
image|||7|||119|||21|||220
image|||8|||119|||41|||220
image|||10|||119|||76|||220
image|||12|||119|||104|||220
image|||14|||119|||132|||220
my|||3|||119|||27|||380
my|||4|||119|||33|||380
my|||5|||119|||43|||380
my|||6|||119|||52|||380
pixel|||1|||119|||29|||384
pixel|||2|||119|||35|||384
pixel|||3|||119|||45|||384
image|||9|||119|||50|||371
image|||11|||119|||78|||371
image|||13|||119|||106|||371
image|||15|||119|||134|||371
pixel|||4|||119|||54|||317
pixel|||5|||119|||69|||317
pixel|||6|||119|||82|||317
pixel|||7|||119|||97|||317
pixel|||8|||119|||110|||317
pixel|||9|||119|||125|||317
pixel|||10|||119|||138|||317
my|||7|||119|||67|||132
my|||8|||119|||80|||132
my|||9|||119|||95|||132
my|||10|||119|||108|||132
my|||11|||119|||123|||132
my|||12|||119|||136|||132
x0|||1|||120|||6|||383
pos|||6|||120|||79|||27
pos|||7|||120|||84|||27
pos|||8|||120|||95|||27
pos|||9|||120|||100|||27
pos|||10|||120|||107|||27
pos|||11|||120|||114|||27
pos|||12|||120|||121|||27
x0|||2|||120|||82|||262
x0|||3|||120|||93|||262
x0|||4|||120|||98|||262
x0|||5|||120|||105|||262
x0|||6|||120|||112|||262
x0|||7|||120|||119|||262
meshStride|||1|||121|||30|||75
meshStride|||2|||121|||71|||75
meshStride|||3|||121|||85|||75
meshStride|||4|||121|||97|||75
meshStride|||5|||131|||28|||75
meshStride|||6|||131|||79|||75
meshStride|||7|||131|||93|||75
meshStride|||8|||131|||105|||75
iN|||1|||121|||65|||78
iN|||2|||121|||69|||78
iN|||3|||121|||75|||78
iN|||4|||121|||87|||78
iN|||5|||121|||99|||78
iN|||6|||131|||73|||78
iN|||7|||131|||77|||78
iN|||8|||131|||83|||78
iN|||9|||131|||95|||78
iN|||10|||131|||107|||78
f|||7|||122|||23|||45
f|||12|||122|||99|||45
f|||13|||122|||109|||45
f|||8|||122|||27|||159
f|||9|||122|||31|||159
f|||10|||122|||37|||159
f|||11|||122|||67|||159
mean|||7|||122|||119|||57
mean|||8|||122|||122|||57
alpha|||12|||142|||135|||57
l|||1|||123|||53|||199
l|||2|||123|||57|||199
l|||3|||123|||61|||199
l|||4|||123|||101|||382
l|||5|||123|||116|||382
rows|||9|||124|||8|||376
rows|||10|||124|||52|||376
right|||1|||124|||16|||6
right|||2|||124|||26|||6
right|||3|||124|||67|||6
right|||4|||124|||80|||6
right|||5|||124|||110|||6
right|||6|||124|||129|||6
right|||7|||124|||133|||6
columns|||4|||124|||18|||238
columns|||5|||124|||69|||238
columns|||6|||124|||82|||238
columns|||7|||124|||112|||238
columns|||8|||124|||135|||238
result|||4|||124|||76|||342
result|||5|||124|||106|||342
cell|||2|||124|||91|||167
cell|||3|||124|||95|||167
cell|||4|||124|||101|||167
cell|||5|||124|||126|||167
host|||4|||125|||7|||218
host|||5|||125|||13|||218
host|||6|||125|||19|||218
host|||10|||142|||8|||218
host|||11|||142|||15|||218
host|||12|||142|||21|||218
host|||7|||125|||101|||363
host|||8|||125|||114|||363
host|||9|||125|||128|||363
RES|||11|||126|||122|||193
mask|||9|||127|||141|||193
array|||17|||127|||21|||263
array|||18|||127|||63|||263
array|||19|||127|||122|||263
mask|||6|||127|||26|||168
mask|||7|||127|||36|||168
mask|||8|||127|||85|||168
ELEMENT|||1|||127|||48|||337
ELEMENT|||2|||127|||94|||337
INDEX|||1|||127|||50|||87
INDEX|||2|||127|||96|||87
INDEX|||3|||127|||112|||87
INDEX|||4|||127|||119|||87
INDEX|||5|||127|||138|||87
ELEMENT|||3|||127|||110|||329
ELEMENT|||4|||127|||117|||329
ELEMENT|||5|||127|||136|||329
|||1|||128|||76|||77
|||2|||128|||78|||77
|||3|||128|||80|||77
|||4|||128|||85|||77
|||5|||128|||87|||77
|||6|||128|||89|||77
|||7|||128|||95|||77
|||8|||128|||97|||77
|||9|||128|||99|||77
|||10|||128|||101|||77
:|||8|||128|||82|||38
%|||7|||128|||90|||38
f|||14|||128|||91|||38
maximum|||1|||129|||38|||256
maximum|||2|||129|||72|||256
maximum|||3|||129|||75|||256
mat|||14|||129|||40|||354
mat|||15|||129|||63|||354
mat|||16|||129|||77|||354
mat|||17|||129|||112|||354
maximum|||4|||129|||121|||397
maximum|||5|||129|||131|||397
outputlength|||2|||130|||48|||165
outputlength|||3|||130|||55|||165
outputlength|||4|||130|||69|||165
outputlength|||5|||130|||76|||165
batch|||4|||130|||60|||365
batch|||5|||130|||74|||365
&|||6|||133|||103|||353
sources|||2|||135|||29|||211
sources|||3|||135|||37|||211
z|||5|||135|||31|||151
z|||6|||135|||103|||151
sources|||4|||135|||101|||331
sources|||5|||135|||114|||331
ns|||5|||135|||107|||224
ns|||6|||135|||120|||224
ns|||7|||135|||148|||224
spatial|||2|||136|||36|||245
spatial|||3|||136|||93|||245
spatial|||4|||136|||107|||245
spatial|||5|||136|||111|||245
variance|||3|||136|||63|||236
variance|||4|||136|||115|||236
variance|||5|||136|||140|||236
2|||17|||136|||135|||385
z|||7|||137|||61|||216
z|||8|||137|||65|||216
z|||11|||138|||61|||216
z|||12|||138|||65|||216
depth|||6|||137|||67|||390
depth|||8|||138|||67|||390
size2d|||1|||137|||76|||147
size2d|||2|||137|||89|||147
size2d|||3|||137|||127|||147
size2d|||4|||138|||76|||147
size2d|||5|||138|||89|||147
size2d|||6|||138|||127|||147
z|||9|||137|||87|||70
z|||10|||137|||125|||70
z|||13|||138|||87|||70
z|||14|||138|||125|||70
u|||13|||137|||100|||351
u|||14|||137|||123|||351
u|||16|||138|||100|||351
u|||17|||138|||123|||351
grad|||8|||137|||115|||133
grad|||11|||138|||115|||133
grad|||14|||143|||135|||133
grad|||15|||143|||149|||133
src|||3|||139|||31|||175
src|||4|||139|||35|||175
src|||5|||139|||41|||175
src|||6|||139|||53|||175
src|||7|||139|||60|||175
src|||11|||143|||35|||175
src|||12|||143|||39|||175
src|||13|||143|||45|||175
src|||14|||143|||57|||175
src|||15|||143|||64|||175
dst|||3|||139|||71|||47
dst|||4|||139|||102|||47
dst|||5|||139|||109|||47
dst|||7|||143|||75|||47
dst|||8|||143|||106|||47
dst|||9|||143|||113|||47
indptr|||11|||139|||86|||283
indptr|||12|||139|||93|||283
indptr|||13|||139|||100|||283
indptr|||14|||139|||107|||283
indptr|||18|||143|||90|||283
indptr|||19|||143|||97|||283
indptr|||20|||143|||104|||283
src|||8|||139|||88|||350
src|||9|||139|||95|||350
src|||16|||143|||92|||350
src|||17|||143|||99|||350
dim|||7|||139|||123|||217
dim|||8|||139|||133|||217
dim|||9|||139|||145|||217
dim|||11|||143|||127|||217
dim|||12|||143|||139|||217
dim|||13|||143|||153|||217
src|||10|||139|||131|||254
dst|||6|||139|||143|||254
src|||18|||143|||137|||254
dst|||10|||143|||151|||254
image|||17|||140|||60|||214
image|||18|||140|||80|||214
image|||19|||140|||100|||214
B|||17|||140|||98|||314
B|||18|||140|||130|||314
max|||11|||141|||13|||310
max|||12|||141|||132|||310
dims|||12|||141|||84|||356
dims|||13|||141|||138|||356
4|||3|||141|||86|||270
4|||4|||141|||90|||270
4|||5|||141|||140|||270
offset|||9|||141|||99|||379
offset|||10|||141|||113|||379
e|||1|||142|||83|||367
e|||2|||142|||87|||367
e|||3|||142|||91|||367
host|||13|||142|||101|||338
host|||14|||142|||112|||338
host|||15|||142|||124|||338
host|||16|||142|||143|||338
e|||4|||142|||109|||335
e|||5|||142|||116|||335
