66
184
286
347
143
131
15
189
107
21
207
307
161
320
233
227
394
255
215
203
225
240
169
225
219
306
258
110
207
287
281
279
31
43
143
374
201
154
66
184
282
131
170
83
209
241
304
170
83
209
241
252
15
386
307
161
15
149
253
320
233
101
255
215
203
101
240
136
169
101
219
306
285
209
241
290
179
72
182
209
241
290
179
72
374
154
66
184
131
107
21
288
252
15
307
161
320
233
227
394
255
215
203
225
240
169
225
219
306
258
110
259
287
281
279
102
43
388
287
281
279
374
201
154
66
184
145
131
15
268
189
248
83
305
304
248
83
26
307
161
320
233
227
117
255
215
203
117
240
284
169
117
219
306
285
85
287
89
72
182
305
290
89
72
37
309
290
89
72
374
154
66
313
352
282
140
131
265
21
288
189
321
53
252
15
191
307
161
320
233
227
394
255
215
203
225
240
318
169
225
219
306
258
110
259
287
281
279
102
43
68
374
201
312
253
154
66
184
282
140
131
170
21
166
189
222
53
252
15
268
307
161
320
233
227
117
255
215
203
117
240
284
169
117
219
306
258
110
259
287
89
279
31
43
53
374
201
154
66
184
131
107
21
207
189
107
16
252
15
191
307
161
320
233
227
34
255
215
34
240
318
34
219
306
258
110
207
287
25
279
182
16
251
251
66
184
347
395
131
15
189
107
21
307
161
320
233
117
255
215
117
240
117
219
306
258
110
287
89
279
182
301
201
154
66
313
286
282
333
282
395
131
248
83
39
304
248
83
7
304
248
83
81
252
386
307
161
320
233
117
255
215
117
240
136
319
117
285
373
287
89
72
182
292
290
89
72
234
290
89
72
154
66
313
347
395
131
265
21
18
252
92
20
307
161
320
233
101
255
215
101
240
206
101
258
110
194
16
357
301
110
325
287
179
279
301
251
251
154
66
313
282
282
30
280
304
280
189
21
161
149
320
101
215
101
240
101
287
179
279
16
102
312
154
66
184
282
140
248
83
81
304
248
83
39
248
7
386
161
149
377
261
320
271
377
261
215
271
377
261
240
136
271
377
261
373
290
271
377
261
72
292
290
271
261
72
234
290
271
261
72
154
66
184
140
170
166
222
53
93
320
215
240
93
355
93
53
66
184
248
248
294
191
320
153
215
153
240
318
153
153
31
294
153
66
184
395
191
321
171
265
13
303
320
215
240
318
297
125
171
66
184
395
191
321
171
265
13
303
320
215
240
318
297
125
171
66
184
395
265
288
322
268
320
215
240
284
259
388
344
322
66
184
274
145
248
81
248
39
7
268
320
86
86
240
284
86
373
86
292
86
234
86
66
184
82
127
94
81
191
320
394
225
240
318
225
373
281
127
281
94
66
184
140
127
191
320
240
318
127
66
140
104
326
340
92
104
191
394
225
318
326
59
326
59
37
326
59
66
92
93
381
243
26
93
85
381
372
66
386
136
12
66
108
333
395
39
7
81
92
386
136
373
292
234
66
140
170
139
268
170
103
284
103
0
139
66
82
170
127
222
94
170
81
191
318
373
127
94
66
136
264
267
136
42
228
0
143
297
42
12
66
82
308
39
308
7
308
81
191
318
373
292
37
234
66
286
268
305
26
26
284
85
305
309
66
108
395
39
7
81
386
136
373
292
234
66
395
264
267
122
92
328
228
272
66
17
94
14
14
176
94
66
140
170
90
2
387
289
50
222
50
358
59
90
237
0
66
145
280
42
280
46
280
81
280
280
7
295
42
373
234
66
333
395
243
268
34
34
284
34
276
243
25
243
25
276
28
10
276
392
276
0
66
140
14
268
243
26
311
311
284
311
85
311
372
311
119
96
372
311
66
286
349
67
113
113
118
66
140
13
303
13
370
297
125
88
125
66
386
149
101
101
136
12
12
66
286
395
13
26
88
309
66
10
106
66
386
136
31
250
174
249
71
249
71
268
284
174
96
249
71
0
249
71
12
66
274
145
81
7
268
86
86
284
86
373
86
86
234
86
66
387
2
387
289
14
358
59
299
237
0
299
237
96
296
66
308
90
100
308
90
100
7
308
90
340
50
50
358
59
90
100
90
100
7
66
82
104
92
109
280
120
280
20
116
46
116
116
369
116
197
197
206
197
109
22
152
9
16
250
188
323
386
149
11
11
136
11
49
179
344
158
188
323
179
232
188
323
179
66
13
303
13
370
297
125
88
125
250
14
14
24
24
24
24
24
24
24
250
30
24
24
24
198
24
28
24
24
114
12
250
34
34
34
194
16
114
330
25
114
134
114
330
66
171
13
303
13
370
297
125
88
125
171
66
302
90
387
149
95
95
95
0
96
299
95
95
66
288
173
173
173
33
176
33
66
333
288
388
388
250
302
18
20
206
208
5
194
325
108
250
188
289
188
2
188
59
188
237
12
66
142
32
68
142
49
325
269
325
68
250
2
289
50
50
49
237
186
59
232
59
237
66
67
158
212
330
118
212
330
118
212
330
66
178
44
178
44
178
44
257
324
126
202
178
221
250
166
302
103
334
34
34
139
34
25
266
173
25
138
355
33
31
176
33
250
166
302
103
334
139
266
173
138
355
33
176
66
150
150
150
150
66
53
381
250
64
302
55
54
64
20
206
49
55
186
55
64
119
232
64
66
223
2
223
51
51
51
51
223
2
51
223
2
51
223
51
223
51
66
108
242
341
341
341
242
33
33
250
155
18
155
67
155
235
194
69
99
99
155
164
155
164
69
155
235
119
250
149
146
146
146
49
195
195
269
195
339
195
250
166
334
139
266
173
138
355
33
339
5
66
26
74
113
56
362
74
74
74
74
74
74
226
113
26
74
74
226
113
66
333
103
62
334
46
69
139
69
173
173
62
103
66
257
324
46
126
277
277
202
277
295
126
250
185
105
105
185
84
105
105
66
7
234
250
55
54
67
20
206
49
55
118
232
118
55
54
66
37
28
10
106
250
264
267
122
361
40
183
40
244
328
183
228
183
272
183
183
66
166
239
53
239
275
28
10
275
392
275
53
250
68
68
250
61
109
144
103
144
257
324
126
277
277
202
277
61
60
295
126
327
299
144
3
109
144
60
250
67
14
61
18
63
257
63
324
126
277
277
202
235
148
164
148
164
148
134
148
250
82
112
2
112
340
63
120
63
20
63
63
46
206
115
115
369
115
63
316
172
152
63
316
76
172
112
59
316
112
316
66
32
239
53
239
1
28
10
392
53
66
49
48
0
158
48
66
205
396
205
396
205
396
192
315
315
315
198
28
192
0
250
35
14
35
91
91
91
91
91
343
91
158
299
91
35
343
123
181
135
135
35
343
123
66
166
120
121
230
230
298
128
121
298
128
345
181
121
298
128
345
121
298
128
121
66
49
28
0
48
48
66
205
396
205
396
205
396
315
315
181
315
345
204
315
181
315
204
315
204
181
198
28
339
66
166
198
389
186
389
60
389
389
389
389
60
66
399
399
399
180
180
180
66
32
79
187
187
226
187
187
0
79
66
122
264
267
4
4
4
4
328
228
272
250
130
124
130
124
322
130
124
322
344
5
130
123
130
124
250
30
198
200
198
186
232
66
250
82
116
116
116
197
197
9
208
273
22
9
22
9
52
66
44
18
44
67
44
41
41
41
398
296
41
398
296
296
229
118
221
41
41
250
359
197
197
359
9
116
116
9
22
246
9
9
198
22
246
9
364
22
246
9
364
66
149
231
231
11
11
49
11
391
231
231
11
11
391
231
231
11
250
196
332
19
156
141
348
141
348
210
156
19
366
360
366
66
4
17
17
163
4
208
160
4
273
176
176
52
250
257
324
54
278
126
202
61
10
106
54
278
250
23
23
196
332
19
163
156
141
348
141
348
210
156
19
23
366
23
366
360
250
8
8
293
8
293
378
97
97
97
97
97
378
8
293
346
8
346
293
346
346
250
334
19
139
19
160
375
375
250
30
13
303
190
190
56
88
368
28
88
368
190
84
190
88
368
232
88
368
190
190
56
88
368
250
82
36
36
36
300
334
139
29
160
291
291
291
29
36
291
36
65
36
300
52
66
264
267
122
361
40
208
160
244
40
208
160
244
273
273
228
129
272
129
328
129
52
66
177
177
177
257
116
116
126
116
197
197
126
9
126
177
177
36
48
250
264
267
122
115
115
115
60
29
228
172
272
328
172
52
66
122
264
267
242
60
242
60
160
29
228
272
328
52
66
62
393
98
111
98
111
111
247
111
111
247
111
111
250
30
30
30
67
324
162
162
202
260
260
260
76
58
118
250
105
105
336
84
336
336
336
84
250
44
44
120
120
46
146
146
369
146
369
137
16
369
44
137
73
137
73
137
73
229
137
250
30
333
213
213
288
157
80
220
380
384
380
384
157
80
220
380
384
371
380
317
213
213
132
317
157
80
220
371
132
317
213
132
317
157
80
220
371
132
317
132
317
157
80
220
371
132
317
250
383
361
40
244
181
40
244
3
27
262
27
262
27
262
27
262
27
262
27
262
27
250
75
78
78
75
78
75
78
75
78
66
45
159
159
159
79
79
159
79
79
45
45
28
10
57
106
57
250
30
334
199
199
199
375
382
382
250
82
376
6
238
6
300
46
46
376
260
260
6
238
260
342
6
238
58
167
167
167
342
6
238
58
167
6
58
6
238
58
250
218
218
218
29
29
363
363
363
52
66
62
393
98
111
98
111
111
247
111
111
247
111
111
111
193
111
250
163
67
263
168
168
158
60
337
87
263
3
168
337
87
329
87
329
87
200
263
29
329
87
193
118
52
250
77
77
77
38
77
77
77
38
38
77
77
77
77
250
166
256
354
354
256
256
354
160
354
397
397
250
50
149
165
138
165
365
138
165
365
165
66
75
78
78
75
78
75
78
75
78
250
142
120
67
142
65
65
250
208
353
99
273
52
250
264
267
122
328
228
272
250
286
30
211
151
211
244
185
244
185
331
151
224
129
331
224
129
224
250
352
17
142
120
163
68
142
245
236
19
245
245
245
236
17
385
236
68
250
352
174
163
162
120
20
206
369
216
216
390
147
76
152
70
147
152
351
133
351
70
147
152
250
352
174
163
162
120
20
206
369
216
216
390
147
76
152
70
147
152
351
133
351
70
147
152
250
196
332
93
175
175
1
175
141
175
141
175
47
210
283
350
283
350
283
47
283
47
217
254
217
254
217
66
18
324
202
214
73
214
73
314
214
73
229
314
250
310
163
20
206
206
356
270
270
379
232
379
310
356
270
250
218
218
218
53
260
260
260
367
367
367
338
335
338
335
58
338
57
338
250
23
23
196
332
93
175
175
175
141
175
141
175
47
210
283
350
283
350
283
47
47
217
133
254
217
133
254
217
